	Mars1	Mars2	Mars3	Mars4	SRS1	SRS2	inflammopathic	adaptive	coagulopathic
Mars1	1	0	0	0	0.1667	0.2452	0.1622	0.0931	0.2805
Mars2	0	1	0	0	0.5383	0.1427	0.4563	0.0682	0.1943
Mars3	0	0	1	0	0.0214	0.3101	0.026	0.3715	0.1174
Mars4	0	0	0	1	0.0412	0.1518	0.0663	0.2163	0.0154
SRS1	0.1667	0.5383	0.0214	0.0412	1	0	0.5404	0.0298	0.1971
SRS2	0.2452	0.1427	0.3101	0.1518	0	1	0.1237	0.4502	0.262
inflammopathic	0.1622	0.4563	0.026	0.0663	0.5404	0.1237	1	0	0
adaptive	0.0931	0.0682	0.3715	0.2163	0.0298	0.4502	0	1	0
coagulopathic	0.2805	0.1943	0.1174	0.0154	0.1971	0.262	0	0	1
